0.0000000000000000 
0.0000000000000000 
1.0915263820341470 
0.5466098635170769 
2.2038784100429707 
2.3181984921001950 
2.2920403764622574 
2.3033072782738926 
2.2992096298027573 
2.3007842612533214 
2.3001948535130481 
2.3004209387011154 
2.3003383694407673 
2.3003720152739016 
2.3003615840727614 
2.3003675185109902 
2.3003670549947288 
2.3003687569856703 
2.3003693941569106 
2.3003701531275786 
2.3003705387647080 
2.3003706481777311 
2.3003702943690199 
2.3003692939029134 
2.3003672911611157 
2.3003637074418228 
2.3003575575468025 
2.3003474158899619 
2.3003367668502892 
2.3003300731644449 
2.3003251185864606 
2.3003202535230121 
2.3003159692481838 
2.3003121188972759 
2.3003087796179909 
2.3003059200000178 
2.3003035314792188 
2.3003015820590709 
2.3003000375304485 
2.3002988564456874 
2.3002979947003035 
2.3002974059835219 
2.3002970432994427 
2.3002968594861408 
2.3002968073864123 
2.3002968391878147 
2.3002969047201485 
2.3002969481120021 
2.3002969018620329 
2.3002966766370614 
2.3002961437882705 
