5.0000000000000000 
5.0000000000000000 
2.8169472359317065 
3.9067802729658463 
0.5922431799140591 
0.3636030157996091 
0.4159192470754841 
0.3933854434522145 
0.4015807403944848 
0.3984314774933564 
0.3996102929739027 
0.3991581225977682 
0.3993232611184645 
0.3992559694521958 
0.3992768318544769 
0.3992649629780188 
0.3992658900105420 
0.3992624860286581 
0.3992612116861787 
0.3992596937448424 
0.3992589224705832 
0.3992587036445367 
0.3992594112619595 
0.3992614121941727 
0.3992654176777677 
0.3992725851163534 
0.3992848849063949 
0.3993051682200749 
0.3993264662994210 
0.3993398536711093 
0.3993497628270778 
0.3993594929539754 
0.3993680615036319 
0.3993757622054477 
0.3993824407640177 
0.3993881599999632 
0.3993929370415615 
0.3993968358818574 
0.3993999249391018 
0.3994022871086242 
0.3994040105993922 
0.3994051880329555 
0.3994059134011143 
0.3994062810277179 
0.3994063852271745 
0.3994063216243702 
0.3994061905597024 
0.3994061037759953 
0.3994061962759334 
0.3994066467258771 
0.3994077124234590 
